,Unnamed: 0,TravelTime,Latitude,Longitude,People
0,0,53.35500663608268,37.712016,-122.502281,37.266685157404474
1,1,48.54660212792697,37.712016,-122.498481,37.266685157404474
2,2,43.202191349406135,37.712016,-122.494681,37.266685157404474
3,3,37.86556501871852,37.712016,-122.49088100000002,37.266685157404474
4,4,32.54371546059343,37.712016,-122.48708100000002,37.266685157404474
5,5,27.25547194520934,37.712016,-122.48328100000002,37.266685157404474
6,6,22.073663489428025,37.712016,-122.47948100000002,37.266685157404474
7,7,17.634707449757098,37.712016,-122.47568100000002,37.266685157404474
8,8,16.90376701170849,37.712016,-122.47188100000002,37.266685157404474
9,9,16.17577556289891,37.712016,-122.46808100000004,37.266685157404474
10,10,18.32700938998716,37.712016,-122.46428100000004,37.266685157404474
11,11,19.3423056452446,37.712016,-122.46048100000004,42.81290200850645
12,12,16.172003919613317,37.712016,-122.45668100000005,0.0
13,13,18.33298366402713,37.712016,-122.45288100000003,42.81290200850645
14,14,17.589396520508853,37.712016,-122.44908100000004,42.81290200850645
15,15,16.37323010977343,37.712016,-122.44528100000004,42.81290200850645
16,16,15.668214653049215,37.712016,-122.44148100000004,42.81290200850645
17,17,10.725942685290388,37.712016,-122.43768100000004,42.81290200850645
18,18,5.370079420325837,37.712016,-122.43388100000004,42.81290200850645
19,19,5.106664823611878,37.712016,-122.43008100000004,42.81290200850645
20,20,5.367849841272856,37.712016,-122.42628100000005,41.35337125821645
21,21,10.723858263912636,37.712016,-122.42248100000003,41.35337125821645
22,22,13.707730773535143,37.712016,-122.41868100000003,41.35337125821645
23,23,18.584793953943297,37.712016,-122.41488100000004,41.35337125821645
24,24,21.30531580057601,37.712016,-122.41108100000004,41.35337125821645
25,25,23.987616966250165,37.712016,-122.40728100000004,41.35337125821645
26,26,24.626624986801684,37.712016,-122.40348100000006,41.35337125821645
27,27,27.74774560617774,37.712016,-122.39968100000006,41.35337125821645
28,28,31.148799586112546,37.712016,-122.39588100000006,41.35337125821645
29,29,32.49746797462219,37.712016,-122.39208100000006,41.35337125821645
30,30,35.01802991447958,37.712016,-122.38828100000006,41.35337125821645
31,31,35.57766147282762,37.712016,-122.38448100000006,41.35337125821645
32,32,48.60628964085437,37.715816,-122.502281,37.266685157404474
33,33,45.809079100214745,37.715816,-122.498481,37.266685157404474
34,34,43.2441151209043,37.715816,-122.494681,37.266685157404474
35,35,37.91713420014225,37.715816,-122.49088100000002,37.266685157404474
36,36,32.60761078888718,37.715816,-122.48708100000002,37.266685157404474
37,37,27.329983131779333,37.715816,-122.48328100000002,37.266685157404474
38,38,22.20242888775245,37.715816,-122.47948100000002,37.266685157404474
39,39,17.07723686676861,37.715816,-122.47568100000002,37.266685157404474
40,40,17.468167656085814,37.715816,-122.47188100000002,42.81290200850645
41,41,17.477337506371168,37.715816,-122.46808100000004,42.81290200850645
42,42,17.60463981196739,37.715816,-122.46428100000004,42.81290200850645
43,43,19.783004211514147,37.715816,-122.46048100000004,42.81290200850645
44,44,17.244136584789967,37.715816,-122.45668100000005,42.81290200850645
45,45,17.897384154353794,37.715816,-122.45288100000003,42.81290200850645
46,46,20.25558352132885,37.715816,-122.44908100000004,42.81290200850645
47,47,19.47057952780309,37.715816,-122.44528100000004,42.81290200850645
48,48,16.261982318525806,37.715816,-122.44148100000004,42.81290200850645
49,49,11.548917761460782,37.715816,-122.43768100000004,42.81290200850645
50,50,7.715149794993228,37.715816,-122.43388100000004,42.81290200850645
51,51,7.545442111472781,37.715816,-122.43008100000004,42.81290200850645
52,52,8.851159610546835,37.715816,-122.42628100000005,41.35337125821645
53,53,12.261814769764548,37.715816,-122.42248100000003,41.35337125821645
54,54,16.865803044436756,37.715816,-122.41868100000003,41.35337125821645
55,55,20.57282828343973,37.715816,-122.41488100000004,41.35337125821645
56,56,20.369539701710572,37.715816,-122.41108100000004,41.35337125821645
57,57,22.413585798711104,37.715816,-122.40728100000004,41.35337125821645
58,58,24.746678458281945,37.715816,-122.40348100000006,41.35337125821645
59,59,27.07656184048601,37.715816,-122.39968100000006,41.35337125821645
60,60,29.436943394642103,37.715816,-122.39588100000006,41.35337125821645
61,61,31.382721619579243,37.715816,-122.39208100000006,41.35337125821645
62,62,29.84479882463285,37.715816,-122.38828100000006,41.35337125821645
63,63,31.3314755970734,37.715816,-122.38448100000006,41.35337125821645
64,64,36.28009413039878,37.715816,-122.38068100000008,41.35337125821645
65,65,46.86315258982231,37.719616,-122.502281,37.266685157404474
66,66,45.66985798072572,37.719616,-122.498481,37.266685157404474
67,67,44.245527166402326,37.719616,-122.494681,37.266685157404474
68,68,39.108043539564775,37.719616,-122.49088100000002,37.266685157404474
69,69,33.91956781395861,37.719616,-122.48708100000002,37.266685157404474
70,70,28.85696462715956,37.719616,-122.48328100000002,37.266685157404474
71,71,24.087368321540403,37.719616,-122.47948100000002,37.266685157404474
72,72,20.73166552143015,37.719616,-122.47568100000002,37.266685157404474
73,73,18.84536403059052,37.719616,-122.47188100000002,42.81290200850645
74,74,19.33978640062011,37.719616,-122.46808100000004,42.81290200850645
75,75,17.62732640693515,37.719616,-122.46428100000004,42.81290200850645
76,76,17.38323960610276,37.719616,-122.46048100000004,42.81290200850645
77,77,16.8497421946933,37.719616,-122.45668100000005,42.81290200850645
78,78,18.831187573256965,37.719616,-122.45288100000003,42.81290200850645
79,79,18.82257722924498,37.719616,-122.44908100000004,42.81290200850645
80,80,19.343651503397684,37.719616,-122.44528100000004,42.81290200850645
81,81,19.06395291980258,37.719616,-122.44148100000004,42.81290200850645
82,82,15.226993598423338,37.719616,-122.43768100000004,42.81290200850645
83,83,12.093974881323286,37.719616,-122.43388100000004,42.81290200850645
84,84,10.727234224732689,37.719616,-122.43008100000004,42.81290200850645
85,85,12.1214248536563,37.719616,-122.42628100000005,42.81290200850645
86,86,15.7422395821436,37.719616,-122.42248100000003,42.81290200850645
87,87,15.91167954326939,37.719616,-122.41868100000003,31.233958056205836
88,88,19.346626553198767,37.719616,-122.41488100000004,31.233958056205836
89,89,17.440146555893833,37.719616,-122.41108100000004,31.233958056205836
90,90,17.791822506975375,37.719616,-122.40728100000004,41.35337125821645
91,91,19.86495604247128,37.719616,-122.40348100000006,41.35337125821645
92,92,22.147917975132405,37.719616,-122.39968100000006,41.35337125821645
93,93,26.466548575930744,37.719616,-122.39588100000006,41.35337125821645
94,94,26.11515623740132,37.719616,-122.39208100000006,41.35337125821645
95,95,27.22548670817237,37.719616,-122.38828100000006,41.35337125821645
96,96,31.695484351562293,37.719616,-122.38448100000006,41.35337125821645
97,97,36.4541372299536,37.719616,-122.38068100000008,0.0
98,98,41.63749537741273,37.719616,-122.37688100000008,0.0
99,99,46.915578233399295,37.719616,-122.37308100000008,41.35337125821645
100,100,49.71857739724673,37.72341599999999,-122.506081,37.266685157404474
101,101,45.80084666105219,37.72341599999999,-122.502281,37.266685157404474
102,102,42.47484712970616,37.72341599999999,-122.498481,37.266685157404474
103,103,40.731236464956055,37.72341599999999,-122.494681,37.266685157404474
104,104,36.9565571022043,37.72341599999999,-122.49088100000002,37.266685157404474
105,105,32.5205896806358,37.72341599999999,-122.48708100000002,37.266685157404474
106,106,30.27868182714725,37.72341599999999,-122.48328100000002,37.266685157404474
107,107,27.61302909171553,37.72341599999999,-122.47948100000002,37.266685157404474
108,108,22.678984289362237,37.72341599999999,-122.47568100000002,37.266685157404474
109,109,19.734087928727043,37.72341599999999,-122.47188100000002,37.266685157404474
110,110,22.690960315880314,37.72341599999999,-122.46808100000004,37.266685157404474
111,111,21.591642924043377,37.72341599999999,-122.46428100000004,37.266685157404474
112,112,21.03567044232803,37.72341599999999,-122.46048100000004,42.81290200850645
113,113,19.412686552422645,37.72341599999999,-122.45668100000005,42.81290200850645
114,114,19.145166235473557,37.72341599999999,-122.45288100000003,37.266685157404474
115,115,19.65364677435208,37.72341599999999,-122.44908100000004,37.266685157404474
116,116,19.278076497554505,37.72341599999999,-122.44528100000004,42.81290200850645
117,117,19.35503269225952,37.72341599999999,-122.44148100000004,42.81290200850645
118,118,18.78402655289264,37.72341599999999,-122.43768100000004,42.81290200850645
119,119,16.987438580601367,37.72341599999999,-122.43388100000004,42.81290200850645
120,120,16.081126513341943,37.72341599999999,-122.43008100000004,42.81290200850645
121,121,16.94196457235175,37.72341599999999,-122.42628100000005,42.81290200850645
122,122,19.36411909177465,37.72341599999999,-122.42248100000003,31.233958056205836
123,123,21.176423153963025,37.72341599999999,-122.41868100000003,42.81290200850645
124,124,22.656452863479085,37.72341599999999,-122.41488100000004,31.233958056205836
125,125,22.749963406583294,37.72341599999999,-122.41108100000004,31.233958056205836
126,126,22.295962465609485,37.72341599999999,-122.40728100000004,31.233958056205836
127,127,21.932279700336444,37.72341599999999,-122.40348100000006,31.233958056205836
128,128,21.635542889771266,37.72341599999999,-122.39968100000006,41.35337125821645
129,129,23.833006962102797,37.72341599999999,-122.39588100000006,41.35337125821645
130,130,26.274969104575582,37.72341599999999,-122.39208100000006,41.35337125821645
131,131,30.121367861100182,37.72341599999999,-122.38828100000006,41.35337125821645
132,132,34.06311044581129,37.72341599999999,-122.38448100000006,41.35337125821645
133,133,38.83128360744795,37.72341599999999,-122.38068100000008,41.35337125821645
134,134,43.590352774487,37.72341599999999,-122.37688100000008,0.0
135,135,45.37842391821476,37.72341599999999,-122.37308100000008,41.35337125821645
136,136,44.98914917231603,37.72341599999999,-122.36928100000009,41.35337125821645
137,137,48.008643263406746,37.72341599999999,-122.36548100000007,41.35337125821645
138,138,46.57887990970432,37.72721599999999,-122.506081,37.266685157404474
139,139,42.3160918701243,37.72721599999999,-122.502281,37.266685157404474
140,140,38.22031443605948,37.72721599999999,-122.498481,37.266685157404474
141,141,35.44560183618483,37.72721599999999,-122.494681,37.266685157404474
142,142,33.35808092444781,37.72721599999999,-122.49088100000002,37.266685157404474
143,143,29.71781449202192,37.72721599999999,-122.48708100000002,37.266685157404474
144,144,25.185029734725813,37.72721599999999,-122.48328100000002,38.191054632588134
145,145,25.50065309130407,37.72721599999999,-122.47948100000002,37.266685157404474
146,146,23.340949596136134,37.72721599999999,-122.47568100000002,37.266685157404474
147,147,25.093461479473604,37.72721599999999,-122.47188100000002,37.266685157404474
148,148,23.725569194956527,37.72721599999999,-122.46808100000004,37.266685157404474
149,149,21.44321150566368,37.72721599999999,-122.46428100000004,37.266685157404474
150,150,22.55645483233124,37.72721599999999,-122.46048100000004,37.266685157404474
151,151,23.36746692990217,37.72721599999999,-122.45668100000005,37.266685157404474
152,152,21.106382245278347,37.72721599999999,-122.45288100000003,37.266685157404474
153,153,23.84490429904939,37.72721599999999,-122.44908100000004,37.266685157404474
154,154,23.680606811704795,37.72721599999999,-122.44528100000004,37.266685157404474
155,155,21.8423746435332,37.72721599999999,-122.44148100000004,42.81290200850645
156,156,22.848254994062827,37.72721599999999,-122.43768100000004,42.81290200850645
157,157,21.49765591068097,37.72721599999999,-122.43388100000004,42.81290200850645
158,158,21.4400306202726,37.72721599999999,-122.43008100000004,42.81290200850645
159,159,22.09184774656153,37.72721599999999,-122.42628100000005,42.81290200850645
160,160,23.505846779023425,37.72721599999999,-122.42248100000003,42.81290200850645
161,161,26.525906858315867,37.72721599999999,-122.41868100000003,31.233958056205836
162,162,27.41178409535961,37.72721599999999,-122.41488100000004,31.233958056205836
163,163,28.10589500799729,37.72721599999999,-122.41108100000004,31.233958056205836
164,164,27.65333903058084,37.72721599999999,-122.40728100000004,31.233958056205836
165,165,25.25566589221879,37.72721599999999,-122.40348100000006,31.233958056205836
166,166,25.95183231766865,37.72721599999999,-122.39968100000006,41.35337125821645
167,167,27.85993335401248,37.72721599999999,-122.39588100000006,41.35337125821645
168,168,28.362410201556365,37.72721599999999,-122.39208100000006,41.35337125821645
169,169,33.09865587583585,37.72721599999999,-122.38828100000006,41.35337125821645
170,170,34.402042895221804,37.72721599999999,-122.38448100000006,41.35337125821645
171,171,38.50579305904907,37.72721599999999,-122.38068100000008,41.35337125821645
172,172,40.43065952871447,37.72721599999999,-122.37688100000008,41.35337125821645
173,173,40.94433775228723,37.72721599999999,-122.37308100000008,41.35337125821645
174,174,40.47155732520935,37.72721599999999,-122.36928100000009,41.35337125821645
175,175,45.42222452385827,37.72721599999999,-122.36548100000007,41.35337125821645
176,176,50.60326335976792,37.72721599999999,-122.36168100000008,41.35337125821645
177,177,42.54353336276634,37.73101599999999,-122.506081,37.266685157404474
178,178,40.62920814241569,37.73101599999999,-122.502281,37.266685157404474
179,179,35.717529635606645,37.73101599999999,-122.498481,37.266685157404474
180,180,30.65113339862613,37.73101599999999,-122.494681,38.191054632588134
181,181,32.79631665919453,37.73101599999999,-122.49088100000002,38.191054632588134
182,182,28.362117979194384,37.73101599999999,-122.48708100000002,38.191054632588134
183,183,30.543919159737204,37.73101599999999,-122.48328100000002,38.191054632588134
184,184,27.769914942403343,37.73101599999999,-122.47948100000002,38.191054632588134
185,185,28.55223624265149,37.73101599999999,-122.47568100000002,38.191054632588134
186,186,26.08955496378139,37.73101599999999,-122.47188100000002,37.266685157404474
187,187,25.571507728902212,37.73101599999999,-122.46808100000004,37.266685157404474
188,188,26.80303273005565,37.73101599999999,-122.46428100000004,37.266685157404474
189,189,27.853831296137187,37.73101599999999,-122.46048100000004,37.266685157404474
190,190,28.47434329232554,37.73101599999999,-122.45668100000005,37.266685157404474
191,191,25.66326824097532,37.73101599999999,-122.45288100000003,37.266685157404474
192,192,27.391943695795117,37.73101599999999,-122.44908100000004,37.266685157404474
193,193,27.84295120564304,37.73101599999999,-122.44528100000004,37.266685157404474
194,194,26.93876290848556,37.73101599999999,-122.44148100000004,37.266685157404474
195,195,28.139943393979248,37.73101599999999,-122.43768100000004,37.266685157404474
196,196,26.81169663875223,37.73101599999999,-122.43388100000004,42.81290200850645
197,197,24.499586282595185,37.73101599999999,-122.43008100000004,42.81290200850645
198,198,27.330223645222198,37.73101599999999,-122.42628100000005,42.81290200850645
199,199,28.72895683382784,37.73101599999999,-122.42248100000003,42.81290200850645
200,200,30.6551910321575,37.73101599999999,-122.41868100000003,31.233958056205836
201,201,32.34020940654565,37.73101599999999,-122.41488100000004,31.233958056205836
202,202,31.62106499239637,37.73101599999999,-122.41108100000004,31.233958056205836
203,203,31.070599305459773,37.73101599999999,-122.40728100000004,31.233958056205836
204,204,29.11205568489804,37.73101599999999,-122.40348100000006,41.35337125821645
205,205,30.78062380605883,37.73101599999999,-122.39968100000006,41.35337125821645
206,206,31.558129539625,37.73101599999999,-122.39588100000006,41.35337125821645
207,207,28.87645317157487,37.73101599999999,-122.39208100000006,41.35337125821645
208,208,32.639188422027544,37.73101599999999,-122.38828100000006,41.35337125821645
209,209,35.00862280344774,37.73101599999999,-122.38448100000006,41.35337125821645
210,210,35.9384523340659,37.73101599999999,-122.38068100000008,41.35337125821645
211,211,36.12712924516477,37.73101599999999,-122.37688100000008,41.35337125821645
212,212,38.53449424105801,37.73101599999999,-122.37308100000008,41.35337125821645
213,213,41.65265043957972,37.73101599999999,-122.36928100000009,41.35337125821645
214,214,45.65690794190444,37.73101599999999,-122.36548100000007,41.35337125821645
215,215,50.739669214483655,37.73101599999999,-122.36168100000008,0.0
216,216,37.26272027196737,37.73481599999999,-122.506081,37.266685157404474
217,217,37.347001013335394,37.73481599999999,-122.502281,37.266685157404474
218,218,35.949614802053674,37.73481599999999,-122.498481,38.191054632588134
219,219,30.91666997742689,37.73481599999999,-122.494681,38.191054632588134
220,220,33.746056301997086,37.73481599999999,-122.49088100000002,38.191054632588134
221,221,32.82934671508577,37.73481599999999,-122.48708100000002,38.191054632588134
222,222,31.99397652123303,37.73481599999999,-122.48328100000002,38.191054632588134
223,223,30.83332847838223,37.73481599999999,-122.47948100000002,38.191054632588134
224,224,29.86774281709858,37.73481599999999,-122.47568100000002,38.191054632588134
225,225,27.553108813962236,37.73481599999999,-122.47188100000002,37.266685157404474
226,226,30.492740284179323,37.73481599999999,-122.46808100000004,37.266685157404474
227,227,32.16362191843173,37.73481599999999,-122.46428100000004,37.266685157404474
228,228,33.15321609094105,37.73481599999999,-122.46048100000004,37.266685157404474
229,229,32.69335423154721,37.73481599999999,-122.45668100000005,37.266685157404474
230,230,30.986678715713406,37.73481599999999,-122.45288100000003,37.266685157404474
231,231,31.916238885613343,37.73481599999999,-122.44908100000004,37.266685157404474
232,232,32.81286823487053,37.73481599999999,-122.44528100000004,37.266685157404474
233,233,32.25563447217966,37.73481599999999,-122.44148100000004,35.32064415701782
234,234,33.46288567702721,37.73481599999999,-122.43768100000004,35.32064415701782
235,235,30.231503247810817,37.73481599999999,-122.43388100000004,35.32064415701782
236,236,28.609613511548485,37.73481599999999,-122.43008100000004,35.32064415701782
237,237,26.62415961409793,37.73481599999999,-122.42628100000005,35.32064415701782
238,238,28.639373711398783,37.73481599999999,-122.42248100000003,31.233958056205836
239,239,33.94168856063784,37.73481599999999,-122.41868100000003,31.233958056205836
240,240,37.19365652937702,37.73481599999999,-122.41488100000004,31.233958056205836
241,241,36.32175317468333,37.73481599999999,-122.41108100000004,31.233958056205836
242,242,32.53279458384711,37.73481599999999,-122.40728100000004,31.233958056205836
243,243,32.744909108772006,37.73481599999999,-122.40348100000006,41.35337125821645
244,244,35.939037700403965,37.73481599999999,-122.39968100000006,41.35337125821645
245,245,34.918807319889666,37.73481599999999,-122.39588100000006,41.35337125821645
246,246,30.712204946785054,37.73481599999999,-122.39208100000006,41.35337125821645
247,247,32.66218585567386,37.73481599999999,-122.38828100000006,41.35337125821645
248,248,34.67265249965609,37.73481599999999,-122.38448100000006,41.35337125821645
249,249,35.9431914588413,37.73481599999999,-122.38068100000008,41.35337125821645
250,250,38.36313423448506,37.73481599999999,-122.37688100000008,41.35337125821645
251,251,42.82596322499142,37.73481599999999,-122.37308100000008,0.0
252,252,45.84440312582056,37.73481599999999,-122.36928100000009,0.0
253,253,38.27560855949962,37.73861599999999,-122.506081,38.191054632588134
254,254,39.65133499691307,37.73861599999999,-122.502281,38.191054632588134
255,255,36.91252423680518,37.73861599999999,-122.498481,38.191054632588134
256,256,31.606222228803617,37.73861599999999,-122.494681,38.191054632588134
257,257,35.2313149733616,37.73861599999999,-122.49088100000002,38.191054632588134
258,258,37.58464692238088,37.73861599999999,-122.48708100000002,38.191054632588134
259,259,36.43244073414766,37.73861599999999,-122.48328100000002,38.191054632588134
260,260,35.538631345494764,37.73861599999999,-122.47948100000002,38.191054632588134
261,261,34.29896369997253,37.73861599999999,-122.47568100000002,38.191054632588134
262,262,32.38363833345901,37.73861599999999,-122.47188100000002,37.266685157404474
263,263,30.825957888779307,37.73861599999999,-122.46808100000004,37.266685157404474
264,264,35.90144715311807,37.73861599999999,-122.46428100000004,37.266685157404474
265,265,35.22333358025072,37.73861599999999,-122.46048100000004,37.266685157404474
266,266,37.504930873107455,37.73861599999999,-122.45668100000005,37.266685157404474
267,267,36.33612769822021,37.73861599999999,-122.45288100000003,37.266685157404474
268,268,36.960866547319135,37.73861599999999,-122.44908100000004,37.266685157404474
269,269,38.000434510020334,37.73861599999999,-122.44528100000004,37.266685157404474
270,270,37.59882342927396,37.73861599999999,-122.44148100000004,35.32064415701782
271,271,37.42409353273521,37.73861599999999,-122.43768100000004,35.32064415701782
272,272,35.551842826941005,37.73861599999999,-122.43388100000004,35.32064415701782
273,273,33.95051829141235,37.73861599999999,-122.43008100000004,35.32064415701782
274,274,30.4668101399643,37.73861599999999,-122.42628100000005,35.32064415701782
275,275,29.97886311758644,37.73861599999999,-122.42248100000003,31.233958056205836
276,276,33.56400994011732,37.73861599999999,-122.41868100000003,31.233958056205836
277,277,34.647444616580465,37.73861599999999,-122.41488100000004,31.233958056205836
278,278,37.19636853764102,37.73861599999999,-122.41108100000004,31.233958056205836
279,279,37.49218064160526,37.73861599999999,-122.40728100000004,31.233958056205836
280,280,37.67235768564489,37.73861599999999,-122.40348100000006,41.35337125821645
281,281,37.71219164453302,37.73861599999999,-122.39968100000006,41.35337125821645
282,282,36.89493511842089,37.73861599999999,-122.39588100000006,41.35337125821645
283,283,34.278981658205666,37.73861599999999,-122.39208100000006,41.35337125821645
284,284,33.048437090205454,37.73861599999999,-122.38828100000006,41.35337125821645
285,285,37.31672703685184,37.73861599999999,-122.38448100000006,41.35337125821645
286,286,37.0053463218122,37.73861599999999,-122.38068100000008,41.35337125821645
287,287,39.91718296926648,37.73861599999999,-122.37688100000008,41.35337125821645
288,288,44.90694135078752,37.73861599999999,-122.37308100000008,0.0
289,289,37.91218073888869,37.742415999999984,-122.506081,38.191054632588134
290,290,35.68350444033823,37.742415999999984,-122.502281,38.191054632588134
291,291,34.64532804523718,37.742415999999984,-122.498481,38.191054632588134
292,292,32.437894240416455,37.742415999999984,-122.494681,38.191054632588134
293,293,36.099402399155686,37.742415999999984,-122.49088100000002,38.191054632588134
294,294,35.92273235496152,37.742415999999984,-122.48708100000002,38.191054632588134
295,295,36.87316438112796,37.742415999999984,-122.48328100000002,38.191054632588134
296,296,39.715111821720114,37.742415999999984,-122.47948100000002,38.191054632588134
297,297,37.06918959692244,37.742415999999984,-122.47568100000002,37.266685157404474
298,298,36.674869399551305,37.742415999999984,-122.47188100000002,37.266685157404474
299,299,35.52641809379254,37.742415999999984,-122.46808100000004,37.266685157404474
300,300,33.82901641961814,37.742415999999984,-122.46428100000004,37.266685157404474
301,301,38.79946541598829,37.742415999999984,-122.46048100000004,37.266685157404474
302,302,37.70430017329067,37.742415999999984,-122.45668100000005,37.266685157404474
303,303,40.415082167705386,37.742415999999984,-122.45288100000003,37.266685157404474
304,304,42.16029595963601,37.742415999999984,-122.44908100000004,37.266685157404474
305,305,40.12876578216829,37.742415999999984,-122.44528100000004,35.32064415701782
306,306,42.950283197725376,37.742415999999984,-122.44148100000004,35.32064415701782
307,307,42.130129903424766,37.742415999999984,-122.43768100000004,35.32064415701782
308,308,38.10935998821708,37.742415999999984,-122.43388100000004,35.32064415701782
309,309,34.90843140954453,37.742415999999984,-122.43008100000004,35.32064415701782
310,310,30.971459059353037,37.742415999999984,-122.42628100000005,35.32064415701782
311,311,28.756301279661248,37.742415999999984,-122.42248100000003,31.233958056205836
312,312,32.60503708760438,37.742415999999984,-122.41868100000003,31.233958056205836
313,313,37.9662699569876,37.742415999999984,-122.41488100000004,31.233958056205836
314,314,39.04225840211196,37.742415999999984,-122.41108100000004,31.233958056205836
315,315,39.809587367844685,37.742415999999984,-122.40728100000004,31.233958056205836
316,316,40.45279873869647,37.742415999999984,-122.40348100000006,41.35337125821645
317,317,40.919100554733525,37.742415999999984,-122.39968100000006,41.35337125821645
318,318,41.66633451618272,37.742415999999984,-122.39588100000006,41.35337125821645
319,319,37.50917247705066,37.742415999999984,-122.39208100000006,41.35337125821645
320,320,33.8546694774308,37.742415999999984,-122.38828100000006,41.35337125821645
321,321,38.05492848521596,37.742415999999984,-122.38448100000006,41.35337125821645
322,322,41.8799051275755,37.742415999999984,-122.38068100000008,41.35337125821645
323,323,43.79913264342481,37.742415999999984,-122.37688100000008,41.35337125821645
324,324,45.32806246266428,37.74621599999998,-122.509881,0.0
325,325,42.10849455969022,37.74621599999998,-122.506081,38.191054632588134
326,326,41.039407552803645,37.74621599999998,-122.502281,38.191054632588134
327,327,37.81677876966631,37.74621599999998,-122.498481,38.191054632588134
328,328,33.42758793996462,37.74621599999998,-122.494681,38.191054632588134
329,329,38.16294193545138,37.74621599999998,-122.49088100000002,38.191054632588134
330,330,37.88473968465989,37.74621599999998,-122.48708100000002,38.191054632588134
331,331,41.56056761431386,37.74621599999998,-122.48328100000002,38.191054632588134
332,332,43.00623919497003,37.74621599999998,-122.47948100000002,38.191054632588134
333,333,39.33640748428774,37.74621599999998,-122.47568100000002,37.266685157404474
334,334,41.55227348517114,37.74621599999998,-122.47188100000002,37.266685157404474
335,335,39.7634635489476,37.74621599999998,-122.46808100000004,37.266685157404474
336,336,38.75818021593674,37.74621599999998,-122.46428100000004,37.266685157404474
337,337,37.32708092527879,37.74621599999998,-122.46048100000004,37.266685157404474
338,338,37.95519920824919,37.74621599999998,-122.45668100000005,37.266685157404474
339,339,40.832653890026265,37.74621599999998,-122.45288100000003,37.266685157404474
340,340,43.42693130125824,37.74621599999998,-122.44908100000004,35.32064415701782
341,341,45.22994694310696,37.74621599999998,-122.44528100000004,35.32064415701782
342,342,47.69236887322998,37.74621599999998,-122.44148100000004,35.32064415701782
343,343,44.34995872427351,37.74621599999998,-122.43768100000004,35.32064415701782
344,344,39.61667136747683,37.74621599999998,-122.43388100000004,35.32064415701782
345,345,37.76082612217944,37.74621599999998,-122.43008100000004,35.32064415701782
346,346,35.333846960988815,37.74621599999998,-122.42628100000005,35.32064415701782
347,347,33.42548726058705,37.74621599999998,-122.42248100000003,35.32064415701782
348,348,33.14997093000554,37.74621599999998,-122.41868100000003,31.233958056205836
349,349,38.510518848468976,37.74621599999998,-122.41488100000004,31.233958056205836
350,350,40.52098742199324,37.74621599999998,-122.41108100000004,31.233958056205836
351,351,42.90626378671293,37.74621599999998,-122.40728100000004,31.233958056205836
352,352,42.50068683594331,37.74621599999998,-122.40348100000006,41.35337125821645
353,353,45.09707049619646,37.74621599999998,-122.39968100000006,41.35337125821645
354,354,41.0104988190871,37.74621599999998,-122.39588100000006,41.35337125821645
355,355,40.39687519075183,37.74621599999998,-122.39208100000006,41.35337125821645
356,356,38.13348072601924,37.74621599999998,-122.38828100000006,41.35337125821645
357,357,40.09605394932741,37.74621599999998,-122.38448100000006,41.35337125821645
358,358,44.62857521711606,37.75001599999998,-122.509881,38.191054632588134
359,359,43.104626699448986,37.75001599999998,-122.506081,38.191054632588134
360,360,42.69475743105319,37.75001599999998,-122.502281,38.191054632588134
361,361,39.4515079936833,37.75001599999998,-122.498481,38.191054632588134
362,362,36.28428955293552,37.75001599999998,-122.494681,38.191054632588134
363,363,39.66493379803051,37.75001599999998,-122.49088100000002,38.191054632588134
364,364,40.59971683188533,37.75001599999998,-122.48708100000002,38.191054632588134
365,365,43.35814008609247,37.75001599999998,-122.48328100000002,38.191054632588134
366,366,44.403323566758914,37.75001599999998,-122.47948100000002,38.191054632588134
367,367,41.05250596495147,37.75001599999998,-122.47568100000002,37.266685157404474
368,368,43.14631452299376,37.75001599999998,-122.47188100000002,37.266685157404474
369,369,44.652464596608496,37.75001599999998,-122.46808100000004,37.266685157404474
370,370,42.02093950692469,37.75001599999998,-122.46428100000004,37.266685157404474
371,371,37.40323102802548,37.75001599999998,-122.46048100000004,37.266685157404474
372,372,37.492356621901145,37.75001599999998,-122.45668100000005,37.266685157404474
373,373,42.318154833430285,37.75001599999998,-122.45288100000003,37.266685157404474
374,374,47.549099821325065,37.75001599999998,-122.44908100000004,35.32064415701782
375,375,50.55580346876207,37.75001599999998,-122.44528100000004,35.32064415701782
376,376,49.40183345263635,37.75001599999998,-122.44148100000004,35.32064415701782
377,377,44.30922113181706,37.75001599999998,-122.43768100000004,35.32064415701782
378,378,39.47464222317714,37.75001599999998,-122.43388100000004,35.32064415701782
379,379,39.77069867192529,37.75001599999998,-122.43008100000004,35.32064415701782
380,380,37.104367322555575,37.75001599999998,-122.42628100000005,35.32064415701782
381,381,38.635808916722745,37.75001599999998,-122.42248100000003,35.32064415701782
382,382,34.93699494990388,37.75001599999998,-122.41868100000003,31.233958056205836
383,383,37.96341924468599,37.75001599999998,-122.41488100000004,31.233958056205836
384,384,40.29329522066783,37.75001599999998,-122.41108100000004,31.233958056205836
385,385,41.63205534250751,37.75001599999998,-122.40728100000004,31.233958056205836
386,386,46.90656231155871,37.75001599999998,-122.40348100000006,41.35337125821645
387,387,44.707512851424646,37.75001599999998,-122.39968100000006,41.35337125821645
388,388,41.47868675305411,37.75001599999998,-122.39588100000006,41.35337125821645
389,389,42.69624422336786,37.75001599999998,-122.39208100000006,41.35337125821645
390,390,37.85739442881744,37.75001599999998,-122.38828100000006,41.35337125821645
391,391,43.00213263407651,37.75381599999998,-122.509881,38.191054632588134
392,392,40.45328046895315,37.75381599999998,-122.506081,38.191054632588134
393,393,39.77844917781869,37.75381599999998,-122.502281,38.191054632588134
394,394,38.00808846072611,37.75381599999998,-122.498481,38.191054632588134
395,395,35.9627041129622,37.75381599999998,-122.494681,38.191054632588134
396,396,41.03086481186031,37.75381599999998,-122.49088100000002,38.191054632588134
397,397,42.26740999334044,37.75381599999998,-122.48708100000002,38.191054632588134
398,398,43.85436632254037,37.75381599999998,-122.48328100000002,38.191054632588134
399,399,45.52425779076572,37.75381599999998,-122.47948100000002,38.191054632588134
400,400,42.75491320373591,37.75381599999998,-122.47568100000002,37.266685157404474
401,401,44.47246947777402,37.75381599999998,-122.47188100000002,37.266685157404474
402,402,49.24033167941341,37.75381599999998,-122.46808100000004,37.266685157404474
403,403,44.98157006303001,37.75381599999998,-122.46428100000004,37.266685157404474
404,404,42.02706911612778,37.75381599999998,-122.46048100000004,37.266685157404474
405,405,42.06598582603352,37.75381599999998,-122.45668100000005,37.266685157404474
406,406,45.06711473576451,37.75381599999998,-122.45288100000003,37.266685157404474
407,407,49.39732464515202,37.75381599999998,-122.44908100000004,37.266685157404474
408,408,54.22483479496967,37.75381599999998,-122.44528100000004,35.32064415701782
409,409,50.99351788173988,37.75381599999998,-122.44148100000004,35.32064415701782
410,410,45.92213048741092,37.75381599999998,-122.43768100000004,35.32064415701782
411,411,42.43703919661909,37.75381599999998,-122.43388100000004,35.32064415701782
412,412,41.96992488598183,37.75381599999998,-122.43008100000004,35.32064415701782
413,413,40.48265955910291,37.75381599999998,-122.42628100000005,35.32064415701782
414,414,38.11373126609256,37.75381599999998,-122.42248100000003,31.233958056205836
415,415,34.09738334262987,37.75381599999998,-122.41868100000003,31.233958056205836
416,416,37.37644111867989,37.75381599999998,-122.41488100000004,31.233958056205836
417,417,40.07015364691914,37.75381599999998,-122.41108100000004,31.233958056205836
418,418,42.58195281826151,37.75381599999998,-122.40728100000004,31.233958056205836
419,419,44.87718485140668,37.75381599999998,-122.40348100000006,41.35337125821645
420,420,46.80612081260844,37.75381599999998,-122.39968100000006,41.35337125821645
421,421,44.26785625458947,37.75381599999998,-122.39588100000006,41.35337125821645
422,422,44.94871416131956,37.75381599999998,-122.39208100000006,41.35337125821645
423,423,41.04024769891131,37.75381599999998,-122.38828100000006,41.35337125821645
424,424,47.08142769170499,37.75761599999998,-122.509881,38.191054632588134
425,425,45.25162139267611,37.75761599999998,-122.506081,38.191054632588134
426,426,44.23083721721516,37.75761599999998,-122.502281,38.191054632588134
427,427,40.85634488004984,37.75761599999998,-122.498481,38.191054632588134
428,428,37.71800603675471,37.75761599999998,-122.494681,38.191054632588134
429,429,42.83243014412127,37.75761599999998,-122.49088100000002,38.191054632588134
430,430,47.44560547043726,37.75761599999998,-122.48708100000002,38.191054632588134
431,431,48.71220346970158,37.75761599999998,-122.48328100000002,38.191054632588134
432,432,46.90978681717318,37.75761599999998,-122.47948100000002,38.191054632588134
433,433,45.22504172453738,37.75761599999998,-122.47568100000002,37.266685157404474
434,434,46.08906558771063,37.75761599999998,-122.47188100000002,37.266685157404474
435,435,46.39875656055961,37.75761599999998,-122.46808100000004,37.266685157404474
436,436,43.97903683294789,37.75761599999998,-122.46428100000004,37.266685157404474
437,437,46.93640154123787,37.75761599999998,-122.46048100000004,37.266685157404474
438,438,47.2389445084128,37.75761599999998,-122.45668100000005,37.266685157404474
439,439,49.2616789693561,37.75761599999998,-122.45288100000003,37.266685157404474
440,440,52.64767383511491,37.75761599999998,-122.44908100000004,37.266685157404474
441,441,54.83945409387866,37.75761599999998,-122.44528100000004,35.32064415701782
442,442,50.2958577744578,37.75761599999998,-122.44148100000004,35.32064415701782
443,443,46.860680317518046,37.75761599999998,-122.43768100000004,35.32064415701782
444,444,46.31231718215231,37.75761599999998,-122.43388100000004,35.32064415701782
445,445,44.32466542906175,37.75761599999998,-122.43008100000004,35.32064415701782
446,446,41.73307686558882,37.75761599999998,-122.42628100000005,35.32064415701782
447,447,40.43514296515964,37.75761599999998,-122.42248100000003,31.233958056205836
448,448,36.58820754528681,37.75761599999998,-122.41868100000003,31.233958056205836
449,449,40.83356578247217,37.75761599999998,-122.41488100000004,31.233958056205836
450,450,44.71725449865489,37.75761599999998,-122.41108100000004,31.233958056205836
451,451,46.06105520445292,37.75761599999998,-122.40728100000004,31.233958056205836
452,452,47.99095038714961,37.75761599999998,-122.40348100000006,41.35337125821645
453,453,49.71280530760948,37.75761599999998,-122.39968100000006,41.35337125821645
454,454,49.09407865957376,37.75761599999998,-122.39588100000006,41.35337125821645
455,455,44.33359432647444,37.75761599999998,-122.39208100000006,41.35337125821645
456,456,41.89837962633409,37.75761599999998,-122.38828100000006,41.35337125821645
457,457,48.26128707127978,37.761415999999976,-122.509881,38.191054632588134
458,458,46.31543743307103,37.761415999999976,-122.506081,38.191054632588134
459,459,44.909211719167736,37.761415999999976,-122.502281,38.191054632588134
460,460,41.956783432052745,37.761415999999976,-122.498481,38.191054632588134
461,461,39.52069276831163,37.761415999999976,-122.494681,38.191054632588134
462,462,44.66580961707598,37.761415999999976,-122.49088100000002,38.191054632588134
463,463,46.87097182388575,37.761415999999976,-122.48708100000002,38.191054632588134
464,464,48.28925462552902,37.761415999999976,-122.48328100000002,38.191054632588134
465,465,48.93367822361973,37.761415999999976,-122.47948100000002,38.191054632588134
466,466,47.46552504118318,37.761415999999976,-122.47568100000002,37.266685157404474
467,467,47.58134540251898,37.761415999999976,-122.47188100000002,37.266685157404474
468,468,47.66439544195703,37.761415999999976,-122.46808100000004,37.266685157404474
469,469,47.007592632720325,37.761415999999976,-122.46428100000004,37.266685157404474
470,470,48.89325367942374,37.761415999999976,-122.46048100000004,37.266685157404474
471,471,51.82038479405831,37.761415999999976,-122.45668100000005,37.266685157404474
472,472,54.01777789655242,37.761415999999976,-122.45288100000003,37.266685157404474
473,473,56.70881948007647,37.761415999999976,-122.44908100000004,35.32064415701782
474,474,53.28045825300942,37.761415999999976,-122.44528100000004,35.32064415701782
475,475,47.979954609274735,37.761415999999976,-122.44148100000004,35.32064415701782
476,476,42.85142531773257,37.761415999999976,-122.43768100000004,35.32064415701782
477,477,41.55209022102579,37.761415999999976,-122.43388100000004,35.32064415701782
478,478,46.24498166357265,37.761415999999976,-122.43008100000004,35.32064415701782
479,479,45.8650827575945,37.761415999999976,-122.42628100000005,35.32064415701782
480,480,40.98421245110725,37.761415999999976,-122.42248100000003,31.233958056205836
481,481,38.405060488282885,37.761415999999976,-122.41868100000003,31.233958056205836
482,482,41.80133342308229,37.761415999999976,-122.41488100000004,31.233958056205836
483,483,46.57845114340052,37.761415999999976,-122.41108100000004,31.233958056205836
484,484,48.38953001869508,37.761415999999976,-122.40728100000004,31.233958056205836
485,485,52.21240413796259,37.761415999999976,-122.40348100000006,41.35337125821645
486,486,51.70373366366497,37.761415999999976,-122.39968100000006,41.35337125821645
487,487,51.25292306668408,37.761415999999976,-122.39588100000006,41.35337125821645
488,488,46.12936318922878,37.761415999999976,-122.39208100000006,41.35337125821645
489,489,42.32585104219684,37.761415999999976,-122.38828100000006,41.35337125821645
490,490,48.49966998473965,37.76521599999997,-122.509881,38.191054632588134
491,491,47.700052651881,37.76521599999997,-122.506081,38.191054632588134
492,492,49.12718287865323,37.76521599999997,-122.502281,38.191054632588134
493,493,43.85046269041268,37.76521599999997,-122.498481,38.191054632588134
494,494,40.51959277912297,37.76521599999997,-122.494681,38.191054632588134
495,495,42.96648781181525,37.76521599999997,-122.49088100000002,38.191054632588134
496,496,43.65995561218824,37.76521599999997,-122.48708100000002,38.191054632588134
497,497,43.2780361194236,37.76521599999997,-122.48328100000002,38.191054632588134
498,498,44.364667628174026,37.76521599999997,-122.47948100000002,38.191054632588134
499,499,47.25181463151079,37.76521599999997,-122.47568100000002,37.266685157404474
500,500,52.57913281605434,37.76521599999997,-122.47188100000002,37.266685157404474
501,501,50.15251438163117,37.76521599999997,-122.46808100000004,37.266685157404474
502,502,50.084852930604,37.76521599999997,-122.46428100000004,37.266685157404474
503,503,51.05728060649575,37.76521599999997,-122.46048100000004,37.266685157404474
504,504,51.14848530189288,37.76521599999997,-122.45668100000005,35.32064415701782
505,505,51.91978913684512,37.76521599999997,-122.45288100000003,35.32064415701782
506,506,53.1625846186802,37.76521599999997,-122.44908100000004,35.32064415701782
507,507,53.644468756651705,37.76521599999997,-122.44528100000004,35.32064415701782
508,508,48.548222977771175,37.76521599999997,-122.44148100000004,35.32064415701782
509,509,44.03611499339266,37.76521599999997,-122.43768100000004,35.32064415701782
510,510,42.961405724956215,37.76521599999997,-122.43388100000004,35.32064415701782
511,511,43.2069377357396,37.76521599999997,-122.43008100000004,35.32064415701782
512,512,42.724355600145046,37.76521599999997,-122.42628100000005,35.32064415701782
513,513,41.08614219172512,37.76521599999997,-122.42248100000003,31.233958056205836
514,514,39.389192091006855,37.76521599999997,-122.41868100000003,31.233958056205836
515,515,43.28302982355178,37.76521599999997,-122.41488100000004,31.233958056205836
516,516,46.08971362921109,37.76521599999997,-122.41108100000004,31.233958056205836
517,517,47.90323777979519,37.76521599999997,-122.40728100000004,41.35337125821645
518,518,50.20796385642468,37.76521599999997,-122.40348100000006,41.35337125821645
519,519,51.33961777017685,37.76521599999997,-122.39968100000006,41.35337125821645
520,520,53.27502939142802,37.76521599999997,-122.39588100000006,41.35337125821645
521,521,48.167285978782566,37.76521599999997,-122.39208100000006,52.30471698789236
522,522,44.883017341653336,37.76521599999997,-122.38828100000006,52.30471698789236
523,523,49.8352556685813,37.76901599999997,-122.509881,38.191054632588134
524,524,53.060909801939474,37.76901599999997,-122.506081,39.4073302578298
525,525,50.96804272831445,37.76901599999997,-122.502281,39.4073302578298
526,526,47.03586294666059,37.76901599999997,-122.498481,39.4073302578298
527,527,45.73274960385168,37.76901599999997,-122.494681,38.191054632588134
528,528,46.88082852306495,37.76901599999997,-122.49088100000002,38.191054632588134
529,529,47.73900017324039,37.76901599999997,-122.48708100000002,38.191054632588134
530,530,48.60239096793305,37.76901599999997,-122.48328100000002,38.191054632588134
531,531,49.53057024006966,37.76901599999997,-122.47948100000002,38.191054632588134
532,532,50.3713717977541,37.76901599999997,-122.47568100000002,37.266685157404474
533,533,54.01244806356263,37.76901599999997,-122.47188100000002,37.266685157404474
534,534,54.87751827538485,37.76901599999997,-122.46808100000004,37.266685157404474
535,535,55.09172304615461,37.76901599999997,-122.46428100000004,37.266685157404474
536,536,56.385636322888125,37.76901599999997,-122.46048100000004,37.266685157404474
537,537,56.508510330755065,37.76901599999997,-122.45668100000005,37.266685157404474
538,538,56.909652301921824,37.76901599999997,-122.45288100000003,37.947799507539806
539,539,55.88663135806672,37.76901599999997,-122.44908100000004,37.947799507539806
540,540,55.80699966495799,37.76901599999997,-122.44528100000004,37.947799507539806
541,541,51.61678780857424,37.76901599999997,-122.44148100000004,35.32064415701782
542,542,48.66318926649088,37.76901599999997,-122.43768100000004,35.32064415701782
543,543,47.262266550553136,37.76901599999997,-122.43388100000004,35.32064415701782
544,544,42.88343464805809,37.76901599999997,-122.43008100000004,35.32064415701782
545,545,44.612270671587446,37.76901599999997,-122.42628100000005,35.32064415701782
546,546,44.77398124516603,37.76901599999997,-122.42248100000003,31.233958056205836
547,547,43.6634886060036,37.76901599999997,-122.41868100000003,31.233958056205836
548,548,46.40479387232676,37.76901599999997,-122.41488100000004,31.233958056205836
549,549,49.91903667033512,37.76901599999997,-122.41108100000004,52.30471698789236
550,550,51.22018899087327,37.76901599999997,-122.40728100000004,52.30471698789236
551,551,52.50749840542599,37.76901599999997,-122.40348100000006,52.30471698789236
552,552,53.90567002160706,37.76901599999997,-122.39968100000006,52.30471698789236
553,553,54.58651856825038,37.76901599999997,-122.39588100000006,52.30471698789236
554,554,49.22543204546341,37.76901599999997,-122.39208100000006,52.30471698789236
555,555,46.53688847624832,37.76901599999997,-122.38828100000006,52.30471698789236
556,556,50.55027777596415,37.77281599999997,-122.509881,39.4073302578298
557,557,52.63194246895728,37.77281599999997,-122.506081,39.4073302578298
558,558,54.55843636762757,37.77281599999997,-122.502281,39.4073302578298
559,559,51.81714905508568,37.77281599999997,-122.498481,39.4073302578298
560,560,51.059611209696776,37.77281599999997,-122.494681,39.4073302578298
561,561,52.01598981947578,37.77281599999997,-122.49088100000002,39.4073302578298
562,562,52.89639489167183,37.77281599999997,-122.48708100000002,39.4073302578298
563,563,49.917999153607575,37.77281599999997,-122.48328100000002,39.4073302578298
564,564,54.89180444443032,37.77281599999997,-122.47948100000002,39.4073302578298
565,565,55.4937312796487,37.77281599999997,-122.47568100000002,39.4073302578298
566,566,52.15326137160308,37.77281599999997,-122.47188100000002,39.4073302578298
567,567,54.63693686075213,37.77281599999997,-122.46808100000004,39.4073302578298
568,568,56.188631479310544,37.77281599999997,-122.46428100000004,39.4073302578298
569,569,59.84138214842134,37.77281599999997,-122.46048100000004,39.4073302578298
570,570,59.71841519538626,37.77281599999997,-122.45668100000005,39.4073302578298
571,571,,37.77281599999997,-122.45288100000003,37.947799507539806
572,572,59.57488081377393,37.77281599999997,-122.44908100000004,37.947799507539806
573,573,59.1984109680934,37.77281599999997,-122.44528100000004,37.947799507539806
574,574,55.87257841898165,37.77281599999997,-122.44148100000004,37.947799507539806
575,575,52.98269801836016,37.77281599999997,-122.43768100000004,37.947799507539806
576,576,50.45424177667062,37.77281599999997,-122.43388100000004,37.947799507539806
577,577,47.8918041778332,37.77281599999997,-122.43008100000004,37.947799507539806
578,578,48.658757894735736,37.77281599999997,-122.42628100000005,37.947799507539806
579,579,47.60219785103223,37.77281599999997,-122.42248100000003,52.30471698789236
580,580,45.358529475616784,37.77281599999997,-122.41868100000003,52.30471698789236
581,581,46.55770507624465,37.77281599999997,-122.41488100000004,52.30471698789236
582,582,50.14146925868658,37.77281599999997,-122.41108100000004,52.30471698789236
583,583,54.31682420382723,37.77281599999997,-122.40728100000004,52.30471698789236
584,584,56.71610046669135,37.77281599999997,-122.40348100000006,52.30471698789236
585,585,57.61307545137388,37.77281599999997,-122.39968100000006,52.30471698789236
586,586,55.98658471181451,37.77281599999997,-122.39588100000006,52.30471698789236
587,587,51.86691698356031,37.77281599999997,-122.39208100000006,52.30471698789236
588,588,50.68005015588058,37.77281599999997,-122.38828100000006,52.30471698789236
589,589,54.811007469680206,37.77661599999997,-122.509881,39.4073302578298
590,590,54.095869768073726,37.77661599999997,-122.506081,39.4073302578298
591,591,55.69788108995614,37.77661599999997,-122.502281,39.4073302578298
592,592,56.93647734158114,37.77661599999997,-122.498481,39.4073302578298
593,593,56.40804828713348,37.77661599999997,-122.494681,39.4073302578298
594,594,55.61569110855312,37.77661599999997,-122.49088100000002,39.4073302578298
595,595,53.879382430521126,37.77661599999997,-122.48708100000002,39.4073302578298
596,596,51.64477654651217,37.77661599999997,-122.48328100000002,39.4073302578298
597,597,56.917135755384905,37.77661599999997,-122.47948100000002,39.4073302578298
598,598,57.66986602305192,37.77661599999997,-122.47568100000002,39.4073302578298
599,599,53.43208989390295,37.77661599999997,-122.47188100000002,39.4073302578298
600,600,55.10790226821561,37.77661599999997,-122.46808100000004,39.4073302578298
601,601,56.99449905929703,37.77661599999997,-122.46428100000004,39.4073302578298
602,602,59.07198692936264,37.77661599999997,-122.46048100000004,39.4073302578298
603,603,,37.77661599999997,-122.45668100000005,39.4073302578298
604,604,,37.77661599999997,-122.45288100000003,39.4073302578298
605,605,,37.77661599999997,-122.44908100000004,39.4073302578298
606,606,,37.77661599999997,-122.44528100000004,32.83944188152483
607,607,59.318186742755806,37.77661599999997,-122.44148100000004,32.83944188152483
608,608,55.7982212656352,37.77661599999997,-122.43768100000004,37.947799507539806
609,609,54.83046265764004,37.77661599999997,-122.43388100000004,37.947799507539806
610,610,53.19492707772462,37.77661599999997,-122.43008100000004,37.947799507539806
611,611,52.13695092275555,37.77661599999997,-122.42628100000005,37.947799507539806
612,612,47.01667999398845,37.77661599999997,-122.42248100000003,37.947799507539806
613,613,44.09081198015736,37.77661599999997,-122.41868100000003,52.30471698789236
614,614,46.113231214924525,37.77661599999997,-122.41488100000004,52.30471698789236
615,615,47.48415867053088,37.77661599999997,-122.41108100000004,52.30471698789236
616,616,51.51598788289672,37.77661599999997,-122.40728100000004,52.30471698789236
617,617,53.56203669400326,37.77661599999997,-122.40348100000006,52.30471698789236
618,618,54.836627798753945,37.77661599999997,-122.39968100000006,52.30471698789236
619,619,55.05231955635486,37.77661599999997,-122.39588100000006,52.30471698789236
620,620,55.09034286571792,37.77661599999997,-122.39208100000006,52.30471698789236
621,621,54.442735725664186,37.77661599999997,-122.38828100000006,52.30471698789236
622,622,,37.78041599999997,-122.509881,39.4073302578298
623,623,59.42732983362406,37.78041599999997,-122.506081,39.4073302578298
624,624,,37.78041599999997,-122.502281,39.4073302578298
625,625,,37.78041599999997,-122.498481,39.4073302578298
626,626,59.19727571270031,37.78041599999997,-122.494681,39.4073302578298
627,627,57.28542043744759,37.78041599999997,-122.49088100000002,39.4073302578298
628,628,54.89192178194549,37.78041599999997,-122.48708100000002,39.4073302578298
629,629,53.36081161160065,37.78041599999997,-122.48328100000002,39.4073302578298
630,630,57.80848216857289,37.78041599999997,-122.47948100000002,39.4073302578298
631,631,58.19020389064472,37.78041599999997,-122.47568100000002,39.4073302578298
632,632,54.17809199087675,37.78041599999997,-122.47188100000002,39.4073302578298
633,633,59.335269788797,37.78041599999997,-122.46808100000004,39.4073302578298
634,634,57.598923390611,37.78041599999997,-122.46428100000004,39.4073302578298
635,635,,37.78041599999997,-122.46048100000004,39.4073302578298
636,636,,37.78041599999997,-122.45668100000005,32.83944188152483
637,637,,37.78041599999997,-122.45288100000003,32.83944188152483
638,638,,37.78041599999997,-122.44908100000004,39.4073302578298
639,639,,37.78041599999997,-122.44528100000004,32.83944188152483
640,640,,37.78041599999997,-122.44148100000004,32.83944188152483
641,641,58.796135749223126,37.78041599999997,-122.43768100000004,37.947799507539806
642,642,57.92865413791551,37.78041599999997,-122.43388100000004,37.947799507539806
643,643,57.48415269262303,37.78041599999997,-122.43008100000004,37.947799507539806
644,644,54.41072224872814,37.78041599999997,-122.42628100000005,37.947799507539806
645,645,50.74273017351016,37.78041599999997,-122.42248100000003,37.947799507539806
646,646,49.43947050102028,37.78041599999997,-122.41868100000003,37.947799507539806
647,647,45.63128032530795,37.78041599999997,-122.41488100000004,37.947799507539806
648,648,46.10999675266529,37.78041599999997,-122.41108100000004,52.30471698789236
649,649,50.56744378635139,37.78041599999997,-122.40728100000004,52.30471698789236
650,650,52.43206231355419,37.78041599999997,-122.40348100000006,52.30471698789236
651,651,55.5530508498797,37.78041599999997,-122.39968100000006,52.30471698789236
652,652,57.21555311684006,37.78041599999997,-122.39588100000006,52.30471698789236
653,653,59.35700439878071,37.78041599999997,-122.39208100000006,52.30471698789236
654,654,59.620396500208216,37.78041599999997,-122.38828100000006,52.30471698789236
655,655,,37.784215999999965,-122.506081,39.4073302578298
656,656,,37.784215999999965,-122.502281,39.4073302578298
657,657,,37.784215999999965,-122.498481,39.4073302578298
658,658,,37.784215999999965,-122.494681,39.4073302578298
659,659,,37.784215999999965,-122.49088100000002,39.4073302578298
660,660,56.70748483479042,37.784215999999965,-122.48708100000002,39.4073302578298
661,661,55.86325657829851,37.784215999999965,-122.48328100000002,39.4073302578298
662,662,,37.784215999999965,-122.47948100000002,39.4073302578298
663,663,58.82310420783851,37.784215999999965,-122.47568100000002,39.4073302578298
664,664,55.445196342960365,37.784215999999965,-122.47188100000002,39.4073302578298
665,665,,37.784215999999965,-122.46808100000004,39.4073302578298
666,666,,37.784215999999965,-122.46428100000004,39.4073302578298
667,667,,37.784215999999965,-122.46048100000004,39.4073302578298
668,668,,37.784215999999965,-122.45668100000005,32.83944188152483
669,669,,37.784215999999965,-122.45288100000003,32.83944188152483
670,670,,37.784215999999965,-122.44908100000004,32.83944188152483
671,671,,37.784215999999965,-122.44528100000004,37.947799507539806
672,672,,37.784215999999965,-122.44148100000004,37.947799507539806
673,673,,37.784215999999965,-122.43768100000004,37.947799507539806
674,674,59.808498151562,37.784215999999965,-122.43388100000004,37.947799507539806
675,675,,37.784215999999965,-122.43008100000004,37.947799507539806
676,676,58.21049273725336,37.784215999999965,-122.42628100000005,32.83944188152483
677,677,55.20220879142724,37.784215999999965,-122.42248100000003,32.83944188152483
678,678,53.09948725522063,37.784215999999965,-122.41868100000003,37.947799507539806
679,679,49.91379679754254,37.784215999999965,-122.41488100000004,37.947799507539806
680,680,49.20174977981824,37.784215999999965,-122.41108100000004,37.947799507539806
681,681,45.2584731623242,37.784215999999965,-122.40728100000004,52.30471698789236
682,682,49.7066898971232,37.784215999999965,-122.40348100000006,52.30471698789236
683,683,53.25801654305689,37.784215999999965,-122.39968100000006,52.30471698789236
684,684,56.27515986146207,37.784215999999965,-122.39588100000006,52.30471698789236
685,685,59.72629970264188,37.784215999999965,-122.39208100000006,52.30471698789236
686,686,,37.784215999999965,-122.38828100000006,52.30471698789236
687,687,,37.78801599999996,-122.49088100000002,39.4073302578298
688,688,57.00566087716118,37.78801599999996,-122.48708100000002,39.4073302578298
689,689,56.295108655480895,37.78801599999996,-122.48328100000002,32.83944188152483
690,690,59.24892028617494,37.78801599999996,-122.47948100000002,32.83944188152483
691,691,,37.78801599999996,-122.47568100000002,32.83944188152483
692,692,59.49800853178787,37.78801599999996,-122.47188100000002,32.83944188152483
693,693,,37.78801599999996,-122.46808100000004,32.83944188152483
694,694,,37.78801599999996,-122.46428100000004,39.4073302578298
695,695,,37.78801599999996,-122.46048100000004,39.4073302578298
696,696,,37.78801599999996,-122.45668100000005,32.83944188152483
697,697,,37.78801599999996,-122.45288100000003,32.83944188152483
698,698,,37.78801599999996,-122.44908100000004,32.83944188152483
699,699,,37.78801599999996,-122.44528100000004,32.83944188152483
700,700,,37.78801599999996,-122.44148100000004,32.83944188152483
701,701,,37.78801599999996,-122.43768100000004,32.83944188152483
702,702,,37.78801599999996,-122.43388100000004,32.83944188152483
703,703,,37.78801599999996,-122.43008100000004,37.947799507539806
704,704,,37.78801599999996,-122.42628100000005,37.947799507539806
705,705,56.135394390492735,37.78801599999996,-122.42248100000003,32.83944188152483
706,706,56.49387012371065,37.78801599999996,-122.41868100000003,35.02873800695982
707,707,52.025198914244,37.78801599999996,-122.41488100000004,35.02873800695982
708,708,51.95087509581526,37.78801599999996,-122.41108100000004,35.02873800695982
709,709,49.3360004780224,37.78801599999996,-122.40728100000004,35.02873800695982
710,710,48.37926295689193,37.78801599999996,-122.40348100000006,35.02873800695982
711,711,48.72045690484335,37.78801599999996,-122.39968100000006,52.30471698789236
712,712,52.9401554473394,37.78801599999996,-122.39588100000006,52.30471698789236
713,713,55.70360007638491,37.78801599999996,-122.39208100000006,52.30471698789236
714,714,57.58503975048571,37.78801599999996,-122.38828100000006,52.30471698789236
715,715,,37.79181599999996,-122.48708100000002,0.0
716,716,59.33534797878789,37.79181599999996,-122.48328100000002,32.83944188152483
717,717,58.53274689933895,37.79181599999996,-122.47948100000002,32.83944188152483
718,718,,37.79181599999996,-122.47568100000002,32.83944188152483
719,719,,37.79181599999996,-122.47188100000002,32.83944188152483
720,720,,37.79181599999996,-122.46808100000004,32.83944188152483
721,721,,37.79181599999996,-122.46428100000004,32.83944188152483
722,722,,37.79181599999996,-122.46048100000004,32.83944188152483
723,723,,37.79181599999996,-122.45668100000005,32.83944188152483
724,724,,37.79181599999996,-122.45288100000003,32.83944188152483
725,725,,37.79181599999996,-122.44908100000004,32.83944188152483
726,726,,37.79181599999996,-122.44528100000004,32.83944188152483
727,727,,37.79181599999996,-122.44148100000004,32.83944188152483
728,728,,37.79181599999996,-122.43768100000004,32.83944188152483
729,729,,37.79181599999996,-122.43388100000004,32.83944188152483
730,730,,37.79181599999996,-122.43008100000004,32.83944188152483
731,731,,37.79181599999996,-122.42628100000005,32.83944188152483
732,732,57.61553878626587,37.79181599999996,-122.42248100000003,35.02873800695982
733,733,58.61993245319204,37.79181599999996,-122.41868100000003,35.02873800695982
734,734,55.99603919076685,37.79181599999996,-122.41488100000004,35.02873800695982
735,735,56.15478519324181,37.79181599999996,-122.41108100000004,35.02873800695982
736,736,54.65207432732905,37.79181599999996,-122.40728100000004,35.02873800695982
737,737,50.55539078171843,37.79181599999996,-122.40348100000006,35.02873800695982
738,738,50.17282355508964,37.79181599999996,-122.39968100000006,35.02873800695982
739,739,49.014915020979856,37.79181599999996,-122.39588100000006,52.30471698789236
740,740,52.80206965544463,37.79181599999996,-122.39208100000006,52.30471698789236
741,741,57.17046686858509,37.79181599999996,-122.38828100000006,0.0
742,742,,37.79561599999996,-122.48328100000002,0.0
743,743,,37.79561599999996,-122.47948100000002,32.83944188152483
744,744,,37.79561599999996,-122.47568100000002,32.83944188152483
745,745,,37.79561599999996,-122.47188100000002,32.83944188152483
746,746,,37.79561599999996,-122.46808100000004,32.83944188152483
747,747,,37.79561599999996,-122.46428100000004,32.83944188152483
748,748,,37.79561599999996,-122.46048100000004,32.83944188152483
749,749,,37.79561599999996,-122.45668100000005,32.83944188152483
750,750,,37.79561599999996,-122.45288100000003,32.83944188152483
751,751,,37.79561599999996,-122.44908100000004,32.83944188152483
752,752,,37.79561599999996,-122.44528100000004,32.83944188152483
753,753,,37.79561599999996,-122.44148100000004,32.83944188152483
754,754,,37.79561599999996,-122.43768100000004,32.83944188152483
755,755,,37.79561599999996,-122.43388100000004,32.83944188152483
756,756,,37.79561599999996,-122.43008100000004,32.83944188152483
757,757,,37.79561599999996,-122.42628100000005,32.83944188152483
758,758,,37.79561599999996,-122.42248100000003,35.02873800695982
759,759,,37.79561599999996,-122.41868100000003,35.02873800695982
760,760,59.58472779117723,37.79561599999996,-122.41488100000004,35.02873800695982
761,761,59.38784039897188,37.79561599999996,-122.41108100000004,35.02873800695982
762,762,56.60222809893911,37.79561599999996,-122.40728100000004,35.02873800695982
763,763,55.329048421650285,37.79561599999996,-122.40348100000006,35.02873800695982
764,764,51.90396630293514,37.79561599999996,-122.39968100000006,35.02873800695982
765,765,49.901127492679926,37.79561599999996,-122.39588100000006,35.02873800695982
766,766,,37.79941599999996,-122.48328100000002,0.0
767,767,,37.79941599999996,-122.47948100000002,32.83944188152483
768,768,,37.79941599999996,-122.47568100000002,32.83944188152483
769,769,,37.79941599999996,-122.47188100000002,32.83944188152483
770,770,,37.79941599999996,-122.46808100000004,32.83944188152483
771,771,,37.79941599999996,-122.46428100000004,32.83944188152483
772,772,,37.79941599999996,-122.46048100000004,32.83944188152483
773,773,,37.79941599999996,-122.45668100000005,32.83944188152483
774,774,,37.79941599999996,-122.45288100000003,32.83944188152483
775,775,,37.79941599999996,-122.44908100000004,32.83944188152483
776,776,,37.79941599999996,-122.44528100000004,32.83944188152483
777,777,,37.79941599999996,-122.44148100000004,32.83944188152483
778,778,,37.79941599999996,-122.43768100000004,32.83944188152483
779,779,,37.79941599999996,-122.43388100000004,32.83944188152483
780,780,,37.79941599999996,-122.43008100000004,32.83944188152483
781,781,,37.79941599999996,-122.42628100000005,32.83944188152483
782,782,,37.79941599999996,-122.42248100000003,35.02873800695982
783,783,,37.79941599999996,-122.41868100000003,35.02873800695982
784,784,,37.79941599999996,-122.41488100000004,35.02873800695982
785,785,,37.79941599999996,-122.41108100000004,35.02873800695982
786,786,59.40298092137559,37.79941599999996,-122.40728100000004,35.02873800695982
787,787,59.35006535326906,37.79941599999996,-122.40348100000006,35.02873800695982
788,788,56.49474284581079,37.79941599999996,-122.39968100000006,35.02873800695982
789,789,,37.80321599999996,-122.47948100000002,32.83944188152483
790,790,,37.80321599999996,-122.47568100000002,32.83944188152483
791,791,,37.80321599999996,-122.47188100000002,32.83944188152483
792,792,,37.80321599999996,-122.46808100000004,32.83944188152483
793,793,,37.80321599999996,-122.46428100000004,32.83944188152483
794,794,,37.80321599999996,-122.46048100000004,32.83944188152483
795,795,,37.80321599999996,-122.45668100000005,32.83944188152483
796,796,,37.80321599999996,-122.45288100000003,32.83944188152483
797,797,,37.80321599999996,-122.44908100000004,32.83944188152483
798,798,,37.80321599999996,-122.44528100000004,32.83944188152483
799,799,,37.80321599999996,-122.44148100000004,32.83944188152483
800,800,,37.80321599999996,-122.43768100000004,32.83944188152483
801,801,,37.80321599999996,-122.43388100000004,32.83944188152483
802,802,,37.80321599999996,-122.43008100000004,32.83944188152483
803,803,,37.80321599999996,-122.42628100000005,32.83944188152483
804,804,,37.80321599999996,-122.42248100000003,32.83944188152483
805,805,,37.80321599999996,-122.41868100000003,35.02873800695982
806,806,,37.80321599999996,-122.41488100000004,35.02873800695982
807,807,,37.80321599999996,-122.41108100000004,35.02873800695982
808,808,,37.80321599999996,-122.40728100000004,35.02873800695982
809,809,,37.80321599999996,-122.40348100000006,35.02873800695982
810,810,,37.80701599999996,-122.47948100000002,0.0
811,811,,37.80701599999996,-122.47568100000002,32.83944188152483
812,812,,37.80701599999996,-122.47188100000002,32.83944188152483
813,813,,37.80701599999996,-122.46808100000004,0.0
814,814,,37.80701599999996,-122.46428100000004,0.0
815,815,,37.80701599999996,-122.46048100000004,0.0
816,816,,37.80701599999996,-122.45668100000005,0.0
817,817,,37.80701599999996,-122.45288100000003,0.0
818,818,,37.80701599999996,-122.44908100000004,0.0
819,819,,37.80701599999996,-122.44528100000004,0.0
820,820,,37.80701599999996,-122.44148100000004,0.0
821,821,,37.80701599999996,-122.43768100000004,32.83944188152483
822,822,,37.80701599999996,-122.43388100000004,0.0
823,823,,37.80701599999996,-122.43008100000004,32.83944188152483
824,824,,37.80701599999996,-122.42628100000005,32.83944188152483
825,825,,37.80701599999996,-122.42248100000003,32.83944188152483
826,826,,37.80701599999996,-122.41868100000003,35.02873800695982
827,827,,37.80701599999996,-122.41488100000004,35.02873800695982
828,828,,37.80701599999996,-122.41108100000004,35.02873800695982
